799505
943258
682942
682942
886165
616460
934240
934224
684899
559911
810096
794252
823830
894524
954810
919713
982261
823902
823902
823902
823902
823902
823902
927333
920096
920096
920096
910104
910120
701416
896845
301299
301299
396168
396168
396168
396168
396168
396168
396168
396168
396168
114120
659460
928453
928453
728861
696951
580570
580635
580651
580589
823937
823937
782017
774707
920010
920010
919918
911950
758760
820067
828793
958468
659541
928445
928445
580643
813710
813770
813699
924059
924067
919969
854018
580597
580597
580597
621935
621935
822850
659932
782238
304140
304140
304140
446343
818062
636002
934380
934380
959081
959081
324345
446262
811521
811521
811521
811564
811564
811564
811548
634824
834831
925810
919640
927171
750301
823821
823821
823821
923974
607967
958743
615463
684970
725803
584673
787426
572748
936588
804029
970603
597139
597171
932396
573140
990310
863475
819034
573132
573124
594563
515639
574910
615404
566764
566764
909874
909858
579629
529702
812706
846856
699152
817821
729671
729671
812714
812714
812714
878707
878707
878707
878707
878707
878707
821772
821772
646857
646830
827380
827380
646865
646865
682209
734683
803456
806676
806676
688789
